CITY_LAT = 12.97194000
CITY_LON = 77.59369000 